		경복궁	창덕궁	DDP		홍대		SMTOWN	명동		한강		북한산
경복궁	0 		15		26		32		49		28		42		53
창덕궁	15		0 		25		32		47		25		47		55
DDP		26		25		0 		29		40		18		47		69
홍대		32		32		29		0 		55		33		34		72
SMTOWN	49		47		40		55		0 		49		61		90
명동		28		25		18		33		49		0 		41		63
한강		42		47		47		34		61		41		0 		87
북한산	53		55		69		72		90		63		87		0 
